0.996	8.456	9.092
0.484	6.307	11.181
1.234	5.622	0.715
1.233	2.492	0.491
0.426	1.544	11.256
1.003	3.932	9.18
16.364	8.554	9.1
17.235	6.278	11.044
16.377	5.494	0.481
16.368	2.392	0.459
17.178	1.439	11.027
16.486	3.836	9.169
8.702	8.613	8.896
9.277	6.281	10.853
8.72	5.57	0.393
8.655	2.444	0.452
9.277	1.427	10.983
8.596	3.767	9.125
13.252	8.523	9.168
12.42	6.289	11.117
13.29	5.492	0.616
13.314	2.386	0.517
12.412	1.461	10.994
13.422	3.91	9.386
1.047	7.598	10.435
1.168	6.245	12.614
0.931	4.058	0.622
1.19	2.075	12.32
0.766	2.473	9.768
0.827	4.993	10.363
16.711	7.578	10.308
16.416	6.133	12.399
16.777	3.941	0.422
16.377	1.779	12.361
16.76	2.429	9.852
17.025	4.993	10.128
18.782	6.412	11.376
18.735	1.57	11.324
2.393	8.334	8.327
19.702	7.888	8.165
17.124	8.087	7.772
2.48	4.027	8.578
-0.042	4.22	8.01
17.254	3.917	7.77
0.899	0.064	10.64
16.823	20.061	10.563
14.804	8.523	8.806
14.935	3.995	8.882
14.849	5.674	0.904
14.847	2.214	0.932
8.833	7.639	10.149
8.761	6.32	12.36
8.582	4.003	0.126
8.756	1.633	12.474
8.533	2.425	9.99
8.631	5.037	10.092
12.978	7.635	10.469
12.691	6.33	12.689
12.943	3.943	0.361
12.893	1.653	12.495
13.158	2.477	10.021
13.184	5.021	10.502
10.867	6.141	10.811
10.844	1.711	10.916
7.287	8.417	8.175
9.878	8.352	7.84
12.471	7.918	7.905
7.281	3.82	8.225
9.907	3.744	8.204
12.48	4.17	8.136
8.973	20.029	10.555
12.76	20.081	10.534
8.709	18.51	10.96
18.727	11.651	4.276
11.014	1.597	2.408
9.222	16.361	8.871
19.239	13.8	2.187
10.501	3.746	4.497
8.627	15.675	5.969
18.489	14.485	12.653
11.095	4.432	7.399
8.628	12.546	6.193
18.489	17.615	12.877
11.095	7.561	7.175
9.279	11.597	8.796
19.297	18.563	2.112
10.443	8.51	4.572
8.702	13.986	10.872
18.72	16.175	4.188
11.021	6.121	2.496
13.22	18.607	10.952
3.359	11.553	4.268
6.502	1.5	2.416
12.349	16.332	9.008
2.488	13.829	2.324
7.373	3.775	4.36
13.364	15.548	6.203
3.346	14.613	12.887
6.359	4.559	7.165
13.372	12.445	6.225
3.355	17.715	12.909
6.351	7.662	7.143
12.406	11.492	9.026
2.545	18.668	2.342
7.317	8.615	4.342
13.098	13.89	10.883
3.237	16.271	4.199
6.625	6.217	2.485
1.003	18.667	11.156
11.021	11.494	4.472
18.719	1.44	2.212
0.428	16.334	9.199
10.446	13.826	2.515
19.295	3.773	4.169
1.141	15.624	6.291
11.003	14.537	12.975
18.581	4.483	7.077
1.207	12.498	6.232
11.068	17.663	12.916
18.516	7.609	7.136
0.428	11.48	9.069
10.445	18.68	2.385
19.295	8.627	4.299
1.109	13.821	10.927
11.127	16.34	4.243
18.614	6.286	2.441
16.332	18.577	10.884
6.47	11.584	4.2
3.391	1.53	2.484
17.164	16.343	8.935
7.303	13.818	2.251
2.558	3.764	4.433
16.45	15.545	6.068
6.432	14.615	12.752
3.273	4.562	7.3
16.426	12.44	6.167
6.408	17.721	12.851
3.297	7.667	7.201
17.173	11.515	9.058
7.311	18.646	2.374
2.55	8.592	4.31
16.162	13.964	10.666
6.301	16.197	3.982
3.561	6.143	2.702
8.658	17.652	9.617
18.676	12.509	2.933
11.065	2.455	3.751
8.537	16.299	7.438
18.554	13.862	0.754
11.186	3.808	5.93
8.93	14.111	6.062
18.792	16.049	12.746
10.792	5.996	7.306
8.515	12.129	7.732
18.533	18.032	1.048
11.207	7.978	5.636
8.939	12.527	10.284
18.956	17.634	3.6
10.784	7.58	3.084
8.878	15.046	9.689
18.896	15.114	3.005
10.845	5.061	3.679
12.873	17.632	9.744
3.012	12.529	3.06
6.85	2.475	3.624
13.168	16.186	7.653
3.306	13.974	0.969
6.555	3.921	5.715
12.963	13.994	6.262
2.946	16.166	12.946
6.759	6.113	7.106
13.207	11.833	7.691
3.346	18.328	1.007
6.516	8.274	5.677
12.824	12.482	10.2
2.963	17.678	3.516
6.899	7.625	3.168
12.559	15.046	9.924
2.697	15.114	3.24
7.164	5.061	3.444
10.802	16.466	8.676
0.941	13.695	1.992
8.92	3.641	4.692
10.849	11.624	8.728
0.988	18.537	2.044
8.873	8.483	4.64
7.312	18.388	11.725
17.329	11.773	5.041
12.411	1.719	1.643
9.882	17.941	11.887
0.021	12.219	5.203
9.841	2.166	1.481
12.46	18.141	12.28
2.598	12.02	5.596
7.263	1.966	1.088
7.225	14.081	11.474
17.243	16.08	4.79
12.498	6.026	1.894
9.747	14.274	12.042
19.765	15.887	5.358
9.976	5.833	1.326
12.33	13.97	12.283
2.469	16.19	5.599
7.392	6.137	1.085
8.806	10.118	9.412
18.823	20.043	2.728
10.917	9.989	3.956
12.761	10.007	9.489
2.899	0.046	2.805
6.962	10.1	3.879
14.78	18.577	11.247
4.918	11.584	4.563
4.943	1.53	2.122
14.649	14.049	11.17
4.788	16.112	4.486
5.073	6.058	2.198
14.891	15.728	5.78
4.874	14.433	12.464
4.831	4.379	7.588
14.894	12.267	5.752
4.876	17.893	12.436
4.829	7.84	7.616
0.872	17.692	9.903
10.89	12.468	3.219
18.85	2.415	3.465
0.944	16.373	7.692
10.961	13.787	1.008
18.779	3.734	5.676
1.279	14.057	6.558
11.14	16.104	13.242
18.444	6.05	6.81
0.949	11.686	7.578
10.967	18.474	0.894
18.774	8.421	5.79
1.172	12.478	10.062
11.19	17.682	3.378
18.55	7.629	3.306
1.074	15.09	9.961
11.092	15.07	3.277
18.648	5.017	3.408
16.606	17.688	9.584
6.745	12.472	2.9
3.117	2.419	3.785
16.893	16.383	7.363
7.031	13.777	0.679
2.83	3.724	6.005
16.797	13.996	6.323
6.78	16.164	13.007
2.925	6.111	7.045
16.691	11.706	7.557
6.83	18.454	0.873
3.031	8.401	5.811
16.426	12.531	10.031
6.565	17.63	3.347
3.297	7.576	3.337
16.4	15.074	9.55
6.538	15.086	2.866
3.323	5.033	3.818
18.717	16.194	9.241
8.856	13.966	2.557
1.005	3.913	4.127
18.74	11.765	9.136
8.879	18.396	2.452
0.982	8.342	4.232
2.418	18.47	11.878
12.435	11.69	5.194
17.305	1.637	1.491
19.706	18.406	12.212
9.845	11.755	5.528
0.016	1.701	1.156
17.113	17.972	12.148
7.252	12.189	5.464
2.61	2.135	1.221
2.424	13.874	11.827
12.442	16.287	5.143
17.299	6.233	1.541
19.677	13.797	11.848
9.815	16.363	5.164
0.046	6.31	1.52
17.104	14.224	11.916
7.242	15.937	5.232
2.619	5.883	1.452
0.732	9.975	9.497
10.749	0.078	2.813
18.991	10.132	3.871
16.824	10.027	9.518
6.962	0.026	2.834
2.899	10.08	3.85
0.84	8.456	22.46
0.327	6.307	24.549
1.078	5.622	14.083
1.077	2.492	13.859
0.269	1.544	24.624
0.847	3.932	22.548
16.207	8.554	22.468
17.078	6.278	24.412
16.22	5.494	13.849
16.212	2.392	13.827
17.022	1.439	24.395
16.33	3.836	22.538
8.545	8.613	22.264
9.121	6.281	24.221
8.564	5.57	13.761
8.498	2.444	13.82
9.121	1.427	24.351
8.44	3.767	22.493
13.096	8.523	22.536
12.263	6.289	24.486
13.134	5.492	13.984
13.158	2.386	13.885
12.255	1.461	24.362
13.266	3.91	22.754
0.891	7.598	23.803
1.012	6.245	25.982
0.775	4.058	13.99
1.033	2.075	25.688
0.61	2.473	23.136
0.671	4.993	23.731
16.555	7.578	23.676
16.26	6.133	25.767
16.621	3.941	13.791
16.221	1.779	25.73
16.604	2.429	23.22
16.869	4.993	23.496
18.626	6.412	24.744
18.578	1.57	24.692
2.237	8.334	21.695
19.546	7.888	21.533
16.968	8.087	21.14
2.324	4.027	21.946
-0.198	4.22	21.378
17.097	3.917	21.138
0.743	0.064	24.008
16.667	20.061	23.932
14.648	8.523	22.174
14.778	3.995	22.25
14.693	5.674	14.272
14.69	2.214	14.3
8.676	7.639	23.517
8.605	6.32	25.728
8.426	4.003	13.494
8.6	1.633	25.842
8.376	2.425	23.358
8.474	5.037	23.46
12.822	7.635	23.837
12.535	6.33	26.057
12.787	3.943	13.729
12.736	1.653	25.863
13.002	2.477	23.389
13.028	5.021	23.87
10.71	6.141	24.179
10.687	1.711	24.284
7.131	8.417	21.543
9.721	8.352	21.208
12.315	7.918	21.273
7.125	3.82	21.593
9.751	3.744	21.572
12.324	4.17	21.504
8.817	20.029	23.924
12.604	20.081	23.902
8.553	18.51	24.329
18.57	11.651	17.645
10.858	1.597	15.776
9.065	16.361	22.239
19.083	13.8	15.555
10.345	3.746	17.865
8.471	15.675	19.337
18.332	14.485	26.022
10.939	4.432	20.767
8.472	12.546	19.561
18.333	17.615	26.245
10.938	7.561	20.543
9.123	11.597	22.164
19.141	18.563	15.48
10.287	8.51	17.94
8.546	13.986	24.24
18.563	16.175	17.556
10.864	6.121	15.864
13.064	18.607	24.321
3.203	11.553	17.637
6.346	1.5	15.784
12.193	16.332	22.377
2.332	13.829	15.693
7.217	3.775	17.728
13.207	15.548	19.571
3.19	14.613	26.255
6.203	4.559	20.533
13.216	12.445	19.593
3.198	17.715	26.277
6.194	7.662	20.511
12.25	11.492	22.394
2.388	18.668	15.71
7.16	8.615	17.711
12.942	13.89	24.251
3.08	16.271	17.567
6.469	6.217	15.853
0.847	18.667	24.525
10.865	11.494	17.841
18.563	1.44	15.58
0.272	16.334	22.567
10.289	13.826	15.883
19.138	3.773	17.537
0.985	15.624	19.659
10.846	14.537	26.343
18.425	4.483	20.445
1.05	12.498	19.6
10.912	17.663	26.284
18.36	7.609	20.504
0.271	11.48	22.438
10.289	18.68	15.753
19.139	8.627	17.667
0.953	13.821	24.296
10.97	16.34	17.612
18.457	6.286	15.809
16.175	18.577	24.252
6.314	11.584	17.568
3.235	1.53	15.852
17.008	16.343	22.303
7.147	13.818	15.619
2.402	3.764	17.801
16.294	15.545	19.436
6.276	14.615	26.12
3.116	4.562	20.668
16.27	12.44	19.535
6.252	17.721	26.219
3.14	7.667	20.569
17.016	11.515	22.426
7.155	18.646	15.742
2.394	8.592	17.678
16.006	13.964	24.034
6.144	16.197	17.35
3.404	6.143	16.07
8.502	17.652	22.985
18.519	12.509	16.301
10.908	2.455	17.119
8.38	16.299	20.806
18.398	13.862	14.122
11.03	3.808	19.298
8.774	14.111	19.431
18.635	16.049	26.115
10.636	5.996	20.674
8.359	12.129	21.1
18.377	18.032	14.416
11.051	7.978	19.004
8.782	12.527	23.652
18.8	17.634	16.968
10.628	7.58	16.452
8.722	15.046	23.057
18.739	15.114	16.373
10.688	5.061	17.047
12.717	17.632	23.112
2.855	12.529	16.428
6.693	2.475	16.992
13.011	16.186	21.021
3.15	13.974	14.337
6.399	3.921	19.083
12.807	13.994	19.63
2.789	16.166	26.314
6.603	6.113	20.475
13.051	11.833	21.059
3.189	18.328	14.375
6.359	8.274	19.046
12.668	12.482	23.568
2.806	17.678	16.884
6.742	7.625	16.536
12.402	15.046	23.293
2.541	15.114	16.609
7.008	5.061	16.812
10.646	16.466	22.044
0.785	13.695	15.36
8.764	3.641	18.06
10.693	11.624	22.096
0.832	18.537	15.412
8.717	8.483	18.008
7.155	18.388	25.093
17.173	11.773	18.409
12.255	1.719	15.011
9.726	17.941	25.255
-0.136	12.219	18.571
9.684	2.166	14.849
12.303	18.141	25.648
2.442	12.02	18.964
7.107	1.966	14.456
7.069	14.081	24.842
17.086	16.08	18.158
12.341	6.026	15.262
9.591	14.274	25.41
19.608	15.887	18.726
9.819	5.833	14.694
12.174	13.97	25.651
2.313	16.19	18.967
7.236	6.137	14.454
8.649	10.118	22.781
18.667	20.043	16.097
10.761	9.989	17.324
12.604	10.007	22.857
2.743	0.046	16.173
6.806	10.1	17.248
14.623	18.577	24.615
4.762	11.584	17.931
4.787	1.53	15.49
14.493	14.049	24.538
4.632	16.112	17.854
4.917	6.058	15.566
14.735	15.728	19.148
4.717	14.433	25.832
4.675	4.379	20.956
14.737	12.267	19.12
4.72	17.893	25.804
4.673	7.84	20.984
0.716	17.692	23.271
10.734	12.468	16.587
18.694	2.415	16.833
0.787	16.373	21.06
10.805	13.787	14.376
18.623	3.734	19.044
1.123	14.057	19.926
10.984	16.104	26.611
18.287	6.05	20.178
0.793	11.686	20.946
10.81	18.474	14.262
18.617	8.421	19.158
1.016	12.478	23.43
11.034	17.682	16.746
18.394	7.629	16.674
0.918	15.09	23.329
10.936	15.07	16.645
18.492	5.017	16.776
16.45	17.688	22.952
6.589	12.472	16.268
2.96	2.419	17.153
16.736	16.383	20.731
6.875	13.777	14.047
2.674	3.724	19.373
16.641	13.996	19.691
6.623	16.164	26.375
2.769	6.111	20.413
16.535	11.706	20.925
6.674	18.454	14.241
2.875	8.401	19.179
16.27	12.531	23.399
6.408	17.63	16.715
3.14	7.576	16.705
16.243	15.074	22.918
6.382	15.086	16.234
3.167	5.033	17.186
18.561	16.194	22.609
8.7	13.966	15.925
0.849	3.913	17.495
18.584	11.765	22.504
8.723	18.396	15.82
0.826	8.342	17.6
2.261	18.47	25.246
12.279	11.69	18.562
17.149	1.637	14.859
19.55	18.406	25.58
9.689	11.755	18.896
-0.14	1.701	14.524
16.957	17.972	25.516
7.095	12.189	18.832
2.453	2.135	14.589
2.268	13.874	25.195
12.285	16.287	18.511
17.142	6.233	14.909
19.521	13.797	25.216
9.659	16.363	18.532
-0.11	6.31	14.888
16.947	14.224	25.284
7.086	15.937	18.6
2.463	5.883	14.82
0.575	9.975	22.865
10.593	0.078	16.181
18.835	10.132	17.239
16.667	10.027	22.886
6.806	0.026	16.202
2.743	10.08	17.218
20.875	8.456	9.092
20.363	6.307	11.181
21.113	5.622	0.715
21.112	2.492	0.491
20.305	1.544	11.256
20.882	3.932	9.18
36.243	8.554	9.1
37.114	6.278	11.044
36.256	5.494	0.481
36.247	2.392	0.459
37.057	1.439	11.027
36.365	3.836	9.169
28.581	8.613	8.896
29.156	6.281	10.853
28.599	5.57	0.393
28.534	2.444	0.452
29.156	1.427	10.983
28.475	3.767	9.125
33.131	8.523	9.168
32.299	6.289	11.117
33.169	5.492	0.616
33.193	2.386	0.517
32.291	1.461	10.994
33.301	3.91	9.386
20.926	7.598	10.435
21.047	6.245	12.614
20.81	4.058	0.622
21.069	2.075	12.32
20.645	2.473	9.768
20.706	4.993	10.363
36.59	7.578	10.308
36.295	6.133	12.399
36.656	3.941	0.422
36.256	1.779	12.361
36.639	2.429	9.852
36.904	4.993	10.128
38.661	6.412	11.376
38.614	1.57	11.324
22.272	8.334	8.327
39.581	7.888	8.165
37.003	8.087	7.772
22.359	4.027	8.578
19.837	4.22	8.01
37.133	3.917	7.77
20.778	0.064	10.64
36.702	20.061	10.563
34.683	8.523	8.806
34.814	3.995	8.882
34.728	5.674	0.904
34.726	2.214	0.932
28.712	7.639	10.149
28.64	6.32	12.36
28.461	4.003	0.126
28.635	1.633	12.474
28.412	2.425	9.99
28.51	5.037	10.092
32.857	7.635	10.469
32.57	6.33	12.689
32.822	3.943	0.361
32.772	1.653	12.495
33.037	2.477	10.021
33.063	5.021	10.502
30.746	6.141	10.811
30.723	1.711	10.916
27.166	8.417	8.175
29.757	8.352	7.84
32.35	7.918	7.905
27.16	3.82	8.225
29.786	3.744	8.204
32.359	4.17	8.136
28.852	20.029	10.555
32.639	20.081	10.534
28.588	18.51	10.96
38.606	11.651	4.276
30.893	1.597	2.408
29.101	16.361	8.871
39.118	13.8	2.187
30.38	3.746	4.497
28.506	15.675	5.969
38.368	14.485	12.653
30.974	4.432	7.399
28.507	12.546	6.193
38.368	17.615	12.877
30.974	7.561	7.175
29.158	11.597	8.796
39.176	18.563	2.112
30.322	8.51	4.572
28.581	13.986	10.872
38.599	16.175	4.188
30.9	6.121	2.496
33.099	18.607	10.952
23.238	11.553	4.268
26.381	1.5	2.416
32.228	16.332	9.008
22.367	13.829	2.324
27.252	3.775	4.36
33.243	15.548	6.203
23.225	14.613	12.887
26.238	4.559	7.165
33.251	12.445	6.225
23.234	17.715	12.909
26.23	7.662	7.143
32.285	11.492	9.026
22.424	18.668	2.342
27.196	8.615	4.342
32.977	13.89	10.883
23.116	16.271	4.199
26.504	6.217	2.485
20.882	18.667	11.156
30.9	11.494	4.472
38.598	1.44	2.212
20.307	16.334	9.199
30.325	13.826	2.515
39.174	3.773	4.169
21.02	15.624	6.291
30.882	14.537	12.975
38.46	4.483	7.077
21.086	12.498	6.232
30.947	17.663	12.916
38.395	7.609	7.136
20.307	11.48	9.069
30.324	18.68	2.385
39.174	8.627	4.299
20.988	13.821	10.927
31.006	16.34	4.243
38.493	6.286	2.441
36.211	18.577	10.884
26.349	11.584	4.2
23.27	1.53	2.484
37.043	16.343	8.935
27.182	13.818	2.251
22.437	3.764	4.433
36.329	15.545	6.068
26.311	14.615	12.752
23.152	4.562	7.3
36.305	12.44	6.167
26.287	17.721	12.851
23.176	7.667	7.201
37.052	11.515	9.058
27.19	18.646	2.374
22.429	8.592	4.31
36.041	13.964	10.666
26.18	16.197	3.982
23.44	6.143	2.702
28.537	17.652	9.617
38.555	12.509	2.933
30.944	2.455	3.751
28.416	16.299	7.438
38.433	13.862	0.754
31.065	3.808	5.93
28.809	14.111	6.062
38.671	16.049	12.746
30.671	5.996	7.306
28.394	12.129	7.732
38.412	18.032	1.048
31.086	7.978	5.636
28.818	12.527	10.284
38.835	17.634	3.6
30.663	7.58	3.084
28.757	15.046	9.689
38.775	15.114	3.005
30.724	5.061	3.679
32.752	17.632	9.744
22.891	12.529	3.06
26.729	2.475	3.624
33.047	16.186	7.653
23.185	13.974	0.969
26.434	3.921	5.715
32.842	13.994	6.262
22.825	16.166	12.946
26.638	6.113	7.106
33.086	11.833	7.691
23.225	18.328	1.007
26.395	8.274	5.677
32.703	12.482	10.2
22.842	17.678	3.516
26.778	7.625	3.168
32.438	15.046	9.924
22.576	15.114	3.24
27.043	5.061	3.444
30.681	16.466	8.676
20.82	13.695	1.992
28.799	3.641	4.692
30.728	11.624	8.728
20.867	18.537	2.044
28.752	8.483	4.64
27.191	18.388	11.725
37.208	11.773	5.041
32.29	1.719	1.643
29.761	17.941	11.887
19.9	12.219	5.203
29.72	2.166	1.481
32.339	18.141	12.28
22.477	12.02	5.596
27.142	1.966	1.088
27.104	14.081	11.474
37.122	16.08	4.79
32.377	6.026	1.894
29.626	14.274	12.042
39.644	15.887	5.358
29.855	5.833	1.326
32.209	13.97	12.283
22.348	16.19	5.599
27.271	6.137	1.085
28.685	10.118	9.412
38.702	20.043	2.728
30.796	9.989	3.956
32.64	10.007	9.489
22.778	0.046	2.805
26.841	10.1	3.879
34.659	18.577	11.247
24.797	11.584	4.563
24.822	1.53	2.122
34.528	14.049	11.17
24.667	16.112	4.486
24.952	6.058	2.198
34.77	15.728	5.78
24.753	14.433	12.464
24.71	4.379	7.588
34.773	12.267	5.752
24.755	17.893	12.436
24.708	7.84	7.616
20.751	17.692	9.903
30.769	12.468	3.219
38.729	2.415	3.465
20.823	16.373	7.692
30.84	13.787	1.008
38.658	3.734	5.676
21.158	14.057	6.558
31.019	16.104	13.242
38.323	6.05	6.81
20.828	11.686	7.578
30.846	18.474	0.894
38.653	8.421	5.79
21.051	12.478	10.062
31.069	17.682	3.378
38.429	7.629	3.306
20.953	15.09	9.961
30.971	15.07	3.277
38.527	5.017	3.408
36.485	17.688	9.584
26.624	12.472	2.9
22.996	2.419	3.785
36.772	16.383	7.363
26.91	13.777	0.679
22.709	3.724	6.005
36.676	13.996	6.323
26.659	16.164	13.007
22.804	6.111	7.045
36.57	11.706	7.557
26.709	18.454	0.873
22.91	8.401	5.811
36.305	12.531	10.031
26.444	17.63	3.347
23.176	7.576	3.337
36.279	15.074	9.55
26.417	15.086	2.866
23.202	5.033	3.818
38.596	16.194	9.241
28.735	13.966	2.557
20.884	3.913	4.127
38.619	11.765	9.136
28.758	18.396	2.452
20.861	8.342	4.232
22.297	18.47	11.878
32.314	11.69	5.194
37.184	1.637	1.491
39.585	18.406	12.212
29.724	11.755	5.528
19.895	1.701	1.156
36.992	17.972	12.148
27.131	12.189	5.464
22.489	2.135	1.221
22.303	13.874	11.827
32.321	16.287	5.143
37.178	6.233	1.541
39.556	13.797	11.848
29.694	16.363	5.164
19.925	6.31	1.52
36.983	14.224	11.916
27.121	15.937	5.232
22.498	5.883	1.452
20.611	9.975	9.497
30.628	0.078	2.813
38.87	10.132	3.871
36.703	10.027	9.518
26.841	0.026	2.834
22.778	10.08	3.85
20.719	8.456	22.46
20.206	6.307	24.549
20.957	5.622	14.083
20.956	2.492	13.859
20.148	1.544	24.624
20.726	3.932	22.548
36.086	8.554	22.468
36.957	6.278	24.412
36.099	5.494	13.849
36.091	2.392	13.827
36.901	1.439	24.395
36.209	3.836	22.538
28.424	8.613	22.264
29	6.281	24.221
28.443	5.57	13.761
28.377	2.444	13.82
29	1.427	24.351
28.319	3.767	22.493
32.975	8.523	22.536
32.142	6.289	24.486
33.013	5.492	13.984
33.037	2.386	13.885
32.134	1.461	24.362
33.145	3.91	22.754
20.77	7.598	23.803
20.891	6.245	25.982
20.654	4.058	13.99
20.912	2.075	25.688
20.489	2.473	23.136
20.55	4.993	23.731
36.434	7.578	23.676
36.139	6.133	25.767
36.5	3.941	13.791
36.1	1.779	25.73
36.483	2.429	23.22
36.748	4.993	23.496
38.505	6.412	24.744
38.457	1.57	24.692
22.116	8.334	21.695
39.425	7.888	21.533
36.847	8.087	21.14
22.203	4.027	21.946
19.681	4.22	21.378
36.976	3.917	21.138
20.622	0.064	24.008
36.546	20.061	23.932
34.527	8.523	22.174
34.657	3.995	22.25
34.572	5.674	14.272
34.569	2.214	14.3
28.555	7.639	23.517
28.484	6.32	25.728
28.305	4.003	13.494
28.479	1.633	25.842
28.255	2.425	23.358
28.353	5.037	23.46
32.701	7.635	23.837
32.414	6.33	26.057
32.666	3.943	13.729
32.615	1.653	25.863
32.881	2.477	23.389
32.907	5.021	23.87
30.589	6.141	24.179
30.566	1.711	24.284
27.01	8.417	21.543
29.6	8.352	21.208
32.194	7.918	21.273
27.004	3.82	21.593
29.63	3.744	21.572
32.203	4.17	21.504
28.696	20.029	23.924
32.483	20.081	23.902
28.432	18.51	24.329
38.449	11.651	17.645
30.737	1.597	15.776
28.944	16.361	22.239
38.962	13.8	15.555
30.224	3.746	17.865
28.35	15.675	19.337
38.211	14.485	26.022
30.818	4.432	20.767
28.351	12.546	19.561
38.212	17.615	26.245
30.817	7.561	20.543
29.002	11.597	22.164
39.02	18.563	15.48
30.166	8.51	17.94
28.425	13.986	24.24
38.442	16.175	17.556
30.743	6.121	15.864
32.943	18.607	24.321
23.082	11.553	17.637
26.225	1.5	15.784
32.072	16.332	22.377
22.211	13.829	15.693
27.096	3.775	17.728
33.086	15.548	19.571
23.069	14.613	26.255
26.082	4.559	20.533
33.095	12.445	19.593
23.077	17.715	26.277
26.073	7.662	20.511
32.129	11.492	22.394
22.267	18.668	15.71
27.039	8.615	17.711
32.821	13.89	24.251
22.959	16.271	17.567
26.348	6.217	15.853
20.726	18.667	24.525
30.744	11.494	17.841
38.442	1.44	15.58
20.151	16.334	22.567
30.168	13.826	15.883
39.017	3.773	17.537
20.864	15.624	19.659
30.725	14.537	26.343
38.304	4.483	20.445
20.929	12.498	19.6
30.791	17.663	26.284
38.239	7.609	20.504
20.15	11.48	22.438
30.168	18.68	15.753
39.018	8.627	17.667
20.832	13.821	24.296
30.849	16.34	17.612
38.336	6.286	15.809
36.054	18.577	24.252
26.193	11.584	17.568
23.114	1.53	15.852
36.887	16.343	22.303
27.026	13.818	15.619
22.281	3.764	17.801
36.173	15.545	19.436
26.155	14.615	26.12
22.995	4.562	20.668
36.149	12.44	19.535
26.131	17.721	26.219
23.019	7.667	20.569
36.895	11.515	22.426
27.034	18.646	15.742
22.273	8.592	17.678
35.885	13.964	24.034
26.023	16.197	17.35
23.283	6.143	16.07
28.381	17.652	22.985
38.398	12.509	16.301
30.787	2.455	17.119
28.259	16.299	20.806
38.277	13.862	14.122
30.909	3.808	19.298
28.653	14.111	19.431
38.514	16.049	26.115
30.515	5.996	20.674
28.238	12.129	21.1
38.256	18.032	14.416
30.93	7.978	19.004
28.661	12.527	23.652
38.679	17.634	16.968
30.507	7.58	16.452
28.601	15.046	23.057
38.618	15.114	16.373
30.567	5.061	17.047
32.596	17.632	23.112
22.734	12.529	16.428
26.572	2.475	16.992
32.89	16.186	21.021
23.029	13.974	14.337
26.278	3.921	19.083
32.686	13.994	19.63
22.668	16.166	26.314
26.482	6.113	20.475
32.93	11.833	21.059
23.068	18.328	14.375
26.238	8.274	19.046
32.547	12.482	23.568
22.685	17.678	16.884
26.621	7.625	16.536
32.281	15.046	23.293
22.42	15.114	16.609
26.887	5.061	16.812
30.525	16.466	22.044
20.664	13.695	15.36
28.643	3.641	18.06
30.572	11.624	22.096
20.711	18.537	15.412
28.596	8.483	18.008
27.034	18.388	25.093
37.052	11.773	18.409
32.134	1.719	15.011
29.605	17.941	25.255
19.743	12.219	18.571
29.563	2.166	14.849
32.182	18.141	25.648
22.321	12.02	18.964
26.986	1.966	14.456
26.948	14.081	24.842
36.965	16.08	18.158
32.22	6.026	15.262
29.47	14.274	25.41
39.487	15.887	18.726
29.698	5.833	14.694
32.053	13.97	25.651
22.192	16.19	18.967
27.115	6.137	14.454
28.528	10.118	22.781
38.546	20.043	16.097
30.64	9.989	17.324
32.483	10.007	22.857
22.622	0.046	16.173
26.685	10.1	17.248
34.502	18.577	24.615
24.641	11.584	17.931
24.666	1.53	15.49
34.372	14.049	24.538
24.511	16.112	17.854
24.796	6.058	15.566
34.614	15.728	19.148
24.596	14.433	25.832
24.554	4.379	20.956
34.616	12.267	19.12
24.599	17.893	25.804
24.552	7.84	20.984
20.595	17.692	23.271
30.613	12.468	16.587
38.573	2.415	16.833
20.666	16.373	21.06
30.684	13.787	14.376
38.502	3.734	19.044
21.002	14.057	19.926
30.863	16.104	26.611
38.166	6.05	20.178
20.672	11.686	20.946
30.689	18.474	14.262
38.496	8.421	19.158
20.895	12.478	23.43
30.913	17.682	16.746
38.273	7.629	16.674
20.797	15.09	23.329
30.815	15.07	16.645
38.371	5.017	16.776
36.329	17.688	22.952
26.468	12.472	16.268
22.839	2.419	17.153
36.615	16.383	20.731
26.754	13.777	14.047
22.553	3.724	19.373
36.52	13.996	19.691
26.502	16.164	26.375
22.648	6.111	20.413
36.414	11.706	20.925
26.553	18.454	14.241
22.754	8.401	19.179
36.149	12.531	23.399
26.287	17.63	16.715
23.019	7.576	16.705
36.122	15.074	22.918
26.261	15.086	16.234
23.046	5.033	17.186
38.44	16.194	22.609
28.579	13.966	15.925
20.728	3.913	17.495
38.463	11.765	22.504
28.602	18.396	15.82
20.705	8.342	17.6
22.14	18.47	25.246
32.158	11.69	18.562
37.028	1.637	14.859
39.429	18.406	25.58
29.568	11.755	18.896
19.739	1.701	14.524
36.836	17.972	25.516
26.974	12.189	18.832
22.332	2.135	14.589
22.147	13.874	25.195
32.164	16.287	18.511
37.021	6.233	14.909
39.4	13.797	25.216
29.538	16.363	18.532
19.769	6.31	14.888
36.826	14.224	25.284
26.965	15.937	18.6
22.342	5.883	14.82
20.454	9.975	22.865
30.472	0.078	16.181
38.714	10.132	17.239
36.546	10.027	22.886
26.685	0.026	16.202
22.622	10.08	17.218